1	2	1	8000
1	3	1	8000
1	6	5	12500
1	9	5	12500
3	5	1	8000
3	4	1	4000
4	13	2	4000
4	12	1	4000
5	11	1	8000
6	7	1	2000
6	8	5	12500
7	19	1	2000
7	23	4	1400
7	18	4	1400
8	18	4	700
8	20	5	12500
9	12	1	4000
9	10	5	12500
9	29	1	4000
10	26	5	12500
10	27	1	4000
10	28	1	4000
11	35	1	4000
11	17	1	8000
12	16	1	4000
13	15	2	2000
13	14	2	4000
14	43	2	4000
15	41	1	2000
15	42	2	2000
16	40	1	4000
16	39	1	2000
17	37	3	1000
17	38	1	8000
18	21	4	1400
18	55	2	4000
19	21	2	4000
19	22	1	6000
20	25	5	12500
20	56	4	700
21	55	2	4000
22	58	1	6000
22	23	4	1400
23	24	4	1400
24	58	1	6000
24	62	1	6000
25	60	4	3500
25	61	4	700
25	59	5	12500
26	30	1	8000
26	31	1	8000
26	32	5	12500
27	33	4	1400
27	34	1	4000
31	66	1	8000
31	67	4	700
32	68	5	12500
33	48	4	700
34	70	4	700
34	69	1	4000
35	79	4	1400
35	36	1	4000
36	80	4	1400
36	42	1	4000
37	51	4	700
37	50	3	2000
38	54	3	2000
38	52	1	8000
38	53	3	2000
39	49	1	2000
39	40	2	4000
39	48	4	700
40	43	2	4000
40	47	1	4000
41	45	4	700
41	44	1	2000
41	43	4	700
42	45	1	4000
42	46	4	700
44	78	1	4000
44	77	1	2000
45	78	1	4000
45	46	4	1400
47	44	1	4000
48	49	4	700
49	70	1	2000
50	64	2	4000
50	89	2	2000
51	81	4	700
51	82	4	700
52	85	1	8000
52	84	1	6000
52	86	1	12000
52	54	1	8000
53	87	1	6000
53	84	1	6000
54	83	1	8000
55	57	2	4000
55	56	4	1400
56	61	4	1400
57	61	4	1400
57	58	2	4000
59	65	5	12500
59	102	4	1400
62	64	1	6000
62	63	1	4000
63	105	4	1400
63	104	1	4000
64	88	2	2000
65	100	1	6000
65	102	1	6000
65	101	5	12500
66	71	1	8000
66	72	2	4000
67	72	2	4000
67	73	4	700
68	75	1	8000
68	74	5	12500
68	76	1	8000
69	78	1	4000
69	77	1	4000
70	77	1	2000
71	113	1	4000
71	111	1	8000
72	112	2	4000
72	113	2	4000
73	112	3	1000
73	114	4	700
74	117	4	700
74	116	5	12500
75	114	1	4000
75	115	2	4000
77	47	1	6000
79	80	4	700
81	89	2	4000
82	128	4	700
82	130	4	700
83	98	1	8000
83	99	1	4000
84	93	3	2000
85	91	4	2100
85	92	1	4000
86	95	2	4000
86	94	1	12000
87	96	1	6000
87	97	4	700
88	105	4	1400
88	108	2	2000
89	90	2	4000
90	108	2	2000
90	144	2	4000
91	136	4	1400
91	137	4	700
93	135	4	1400
93	97	3	2000
94	140	1	12000
94	141	4	700
95	138	2	4000
95	139	4	700
96	142	1	6000
96	130	4	700
97	143	3	2000
98	132	2	2000
98	131	1	8000
99	133	1	4000
99	134	4	700
101	110	2	4000
101	103	2	4000
101	109	5	12500
102	103	1	6000
103	159	1	6000
104	107	1	4000
104	166	2	4000
105	106	4	700
106	108	2	2000
106	166	2	2000
107	163	1	4000
107	164	4	1400
107	165	2	4000
109	160	5	12500
109	161	1	4000
111	174	4	1400
111	119	1	8000
112	120	2	4000
113	118	1	4000
114	120	1	2000
114	121	4	700
115	127	4	1400
115	122	2	4000
116	124	1	6000
116	125	1	6000
116	126	5	12500
117	123	2	4000
117	122	2	4000
118	180	1	4000
118	179	4	1400
118	120	1	4000
119	177	2	4000
119	156	1	8000
120	178	2	4000
121	178	1	4000
121	181	4	700
122	127	4	1400
123	186	2	4000
123	187	4	1400
125	182	2	4000
125	183	1	6000
126	184	5	12500
126	185	4	700
128	130	4	700
128	129	4	700
129	151	2	4000
129	144	2	4000
129	205	4	1400
130	151	4	700
131	156	1	8000
131	157	4	700
132	155	2	2000
132	154	4	700
132	133	4	700
133	158	1	4000
133	134	4	1400
135	147	2	8000
136	92	4	2100
136	145	4	1400
137	146	4	700
137	145	4	700
138	135	2	6000
139	141	4	700
139	149	4	700
140	148	1	12000
140	141	4	700
142	150	1	6000
142	151	2	4000
142	215	3	2000
143	152	2	6000
143	153	2	6000
144	81	2	4000
145	211	4	1400
145	210	4	1400
146	148	4	700
146	210	4	2100
146	212	4	1400
147	149	2	6000
147	153	2	4000
148	213	1	12000
149	138	2	6000
150	206	2	4000
150	214	1	6000
150	215	3	2000
151	205	4	700
152	216	2	6000
152	215	4	700
153	217	2	6000
154	157	4	700
154	208	4	1400
155	158	4	700
155	207	2	2000
156	177	4	700
157	190	4	700
158	209	1	4000
159	232	4	700
159	162	1	6000
160	172	5	12500
160	240	2	4000
161	173	1	4000
161	245	2	4000
162	234	2	4000
162	236	1	6000
162	235	4	700
163	169	1	4000
163	168	4	700
164	170	3	2000
164	169	1	4000
164	171	3	2000
165	168	2	4000
165	167	4	700
166	167	2	4000
167	206	2	4000
168	222	4	1400
168	251	2	4000
169	251	1	4000
170	252	3	2000
170	253	4	1400
171	255	4	1400
171	254	3	2000
172	238	1	8000
172	237	5	12500
172	239	1	8000
173	243	1	6000
173	241	1	4000
173	244	1	6000
174	175	4	1400
174	176	4	1400
175	177	2	2000
175	265	2	2000
176	265	4	1400
176	179	4	1400
177	190	4	700
178	180	1	4000
178	191	2	4000
179	189	4	1400
180	188	4	700
181	191	2	8000
181	192	2	4000
182	199	2	4000
182	200	4	1400
183	201	1	6000
183	202	2	4000
184	204	4	1400
184	203	5	12500
185	204	4	1400
185	200	4	1400
186	193	2	4000
186	195	2	4000
186	194	4	1400
187	196	4	1400
187	198	4	1400
187	197	4	1400
188	191	4	1400
188	189	4	1400
189	266	4	700
190	230	4	700
190	229	4	700
192	230	2	4000
192	266	2	2000
192	267	2	4000
193	196	2	4000
193	195	4	1400
194	195	4	1400
194	275	4	1400
194	274	4	1400
195	274	2	4000
196	276	4	1400
196	277	2	4000
197	198	4	1400
198	277	2	2000
199	200	4	1400
199	268	2	4000
200	204	4	1400
201	270	1	6000
201	269	2	2000
202	271	2	4000
202	272	4	700
203	273	5	12500
205	206	4	700
207	209	2	2000
207	228	4	1400
208	228	4	1400
208	227	4	1400
209	231	1	4000
210	211	4	700
210	219	4	1400
211	218	4	1400
212	219	4	700
212	213	4	700
212	220	4	1400
213	221	1	12000
214	223	1	6000
214	222	4	1400
216	224	3	2000
216	223	2	6000
217	225	4	700
217	226	2	6000
218	296	4	700
218	295	4	700
218	219	4	700
219	294	4	1400
219	220	4	700
220	221	4	1400
220	297	4	1400
221	298	1	12000
221	297	4	1400
222	255	4	1400
223	255	1	4000
223	258	1	6000
224	258	1	4000
224	259	3	2000
224	299	1	4000
225	302	4	700
225	301	4	700
225	300	4	700
226	303	2	6000
227	278	4	1400
228	292	4	1400
228	231	4	1400
229	266	2	2000
229	265	2	2000
230	278	2	4000
231	293	1	4000
232	234	2	4000
232	233	2	4000
233	313	1	6000
233	254	1	6000
234	247	4	700
235	249	4	700
235	250	4	1400
236	247	4	700
236	248	1	6000
236	249	2	2000
237	260	5	12500
237	261	4	1400
239	261	1	8000
239	317	4	1400
240	242	1	4000
240	241	1	4000
241	263	2	4000
242	318	4	1400
242	319	4	1400
242	316	1	4000
243	262	1	6000
243	244	4	1400
243	249	4	1400
244	264	1	6000
244	263	4	1400
245	246	2	4000
246	249	2	4000
246	250	4	1400
247	248	4	1400
248	313	1	6000
251	255	1	4000
252	256	3	2000
252	257	4	1400
253	257	4	1400
254	258	1	6000
254	259	3	2000
256	325	3	2000
256	326	4	1400
257	326	4	1400
257	327	4	1400
259	299	4	1400
260	315	5	12500
260	329	4	700
261	316	1	8000
262	323	4	1400
262	313	1	6000
263	320	2	4000
264	324	2	4000
264	323	1	6000
267	280	2	2000
267	279	2	2000
268	284	2	4000
268	285	4	1400
269	276	4	700
269	277	2	2000
270	286	1	6000
270	276	4	700
271	287	2	4000
271	272	4	700
271	288	4	1400
273	289	1	6000
273	290	1	6000
273	291	5	12500
274	282	2	4000
274	281	2	6000
276	283	4	1400
278	279	2	4000
279	312	2	4000
279	292	4	1400
280	332	1	4000
280	333	1	4000
281	343	2	6000
281	344	4	700
282	337	4	1400
282	287	2	4000
282	338	4	1400
283	337	4	1400
284	334	2	4000
284	285	4	1400
284	335	4	700
285	336	4	1400
286	287	1	6000
286	337	4	1400
287	338	1	6000
288	339	1	6000
288	338	4	1400
290	335	4	1400
290	340	1	6000
291	342	3	2000
291	341	5	12500
292	227	4	1400
293	292	4	1400
293	312	1	4000
294	306	1	6000
295	360	4	700
295	306	1	8000
296	305	4	700
296	304	4	700
297	307	4	1400
298	307	1	6000
298	308	1	12000
299	300	3	2000
300	310	3	2000
301	302	4	700
301	309	4	700
303	311	2	6000
303	364	4	1400
304	362	2	4000
304	363	2	4000
305	362	4	700
305	360	4	700
306	358	1	6000
306	359	1	6000
307	294	1	6000
308	358	5	10000
308	365	1	12000
308	364	5	12500
309	310	3	2000
309	367	3	2000
310	366	3	2000
311	369	5	10000
311	382	5	10000
311	368	2	4000
312	345	2	4000
312	333	1	4000
313	314	1	6000
314	383	1	6000
314	384	2	6000
314	323	2	4000
315	330	5	12500
315	329	1	4000
316	321	1	8000
317	318	4	1400
319	322	4	1400
319	321	4	700
320	331	2	4000
320	324	2	4000
321	388	1	4000
321	390	1	8000
322	390	1	6000
322	391	4	700
322	385	1	6000
324	331	4	1400
325	328	3	2000
325	395	4	1400
326	327	4	1400
329	388	1	4000
329	389	2	4000
330	386	5	12500
330	387	1	6000
331	385	3	1000
332	347	1	4000
332	346	2	2000
334	335	4	1400
334	336	4	1400
334	340	2	4000
336	351	4	700
338	348	1	6000
339	350	1	6000
339	352	1	8000
340	353	2	6000
340	351	1	6000
341	356	1	6000
341	355	5	12500
341	357	1	6000
342	354	3	2000
342	353	4	1400
343	349	2	6000
343	348	1	2000
344	350	4	700
344	349	4	700
345	346	2	4000
345	333	2	4000
346	402	2	4000
347	401	2	4000
347	400	1	4000
348	405	1	6000
348	406	4	700
349	414	2	6000
350	406	1	6000
351	403	2	4000
351	404	1	6000
352	407	1	6000
352	422	4	700
353	408	2	6000
353	403	4	1400
354	408	3	2000
355	411	1	6000
355	412	1	8000
355	413	5	12500
356	409	1	8000
356	431	4	700
356	410	4	700
358	376	5	10000
359	374	1	6000
359	375	4	700
360	361	4	700
361	434	2	4000
361	362	2	4000
361	437	4	700
362	370	4	700
363	371	2	4000
363	372	4	700
363	373	2	4000
364	368	5	12500
365	377	1	12000
365	378	4	700
365	375	4	700
366	367	1	6000
366	380	1	6000
367	379	1	4000
368	369	5	12500
369	381	1	6000
370	373	1	8000
370	437	1	8000
371	438	2	4000
371	439	4	700
371	372	4	700
372	438	4	700
373	439	1	8000
373	440	2	4000
374	435	5	12500
374	434	5	10000
375	436	4	700
376	295	1	8000
376	434	5	10000
377	378	1	12000
377	436	4	700
378	441	1	12000
378	436	4	700
379	445	1	4000
379	444	5	10000
379	382	5	10000
380	442	1	4000
380	443	3	2000
381	447	4	700
381	446	1	6000
382	458	4	700
383	469	4	1400
383	385	1	6000
384	472	2	6000
384	474	4	1400
386	397	5	12500
386	398	1	6000
387	399	1	6000
387	386	1	6000
388	392	4	700
389	396	4	1400
389	392	2	4000
390	393	1	6000
390	391	1	8000
391	484	1	8000
391	394	4	700
392	480	4	700
393	394	4	700
393	483	1	6000
394	487	4	1400
394	483	4	700
396	481	4	1400
396	482	4	1400
397	476	1	8000
397	477	1	8000
397	475	5	12500
398	479	1	6000
398	478	3	2000
400	417	2	4000
401	416	2	2000
402	416	2	2000
402	415	2	4000
403	418	2	4000
404	420	1	6000
404	419	4	700
405	414	1	6000
405	349	4	1400
406	414	1	6000
407	421	1	10000
407	500	4	700
408	418	2	4000
408	425	2	6000
409	430	1	8000
409	410	2	6000
409	431	2	4000
410	433	2	6000
410	430	4	700
412	507	4	700
412	426	1	6000
412	427	4	700
413	428	1	4000
413	429	5	12500
415	448	1	4000
415	438	2	4000
416	448	1	8000
416	417	1	8000
417	421	1	8000
417	498	2	2000
418	420	2	4000
419	420	4	700
419	499	4	700
420	499	1	6000
421	400	1	4000
421	498	2	4000
422	423	2	4000
422	424	2	4000
423	516	1	8000
423	518	1	6000
423	517	2	4000
424	501	2	4000
424	518	4	700
425	502	4	700
425	503	2	6000
426	508	1	6000
426	427	4	700
427	510	4	700
428	511	1	4000
428	527	4	1400
429	512	1	8000
429	513	1	6000
429	514	5	12500
430	505	3	1000
430	504	1	6000
431	432	2	4000
432	505	3	2000
432	538	2	4000
432	539	2	2000
433	503	2	6000
433	506	4	1400
435	452	5	10000
435	451	1	8000
435	450	1	4000
435	437	1	8000
439	448	1	8000
440	449	2	4000
441	453	1	8000
441	454	1	8000
442	461	3	3000
442	459	1	6000
442	460	3	2000
443	461	4	1400
443	462	3	2000
444	457	2	4000
444	456	5	10000
445	458	4	1400
445	455	1	4000
446	466	4	1400
446	467	1	8000
447	463	1	4000
447	465	1	4000
447	464	4	700
449	550	2	4000
449	551	2	4000
450	548	1	4000
450	549	4	700
451	547	1	8000
452	545	5	10000
452	546	4	700
453	552	1	8000
453	577	1	4000
453	579	1	4000
453	582	1	4000
454	553	1	18000
455	561	1	4000
455	468	4	1400
456	559	5	10000
456	558	1	10000
456	560	1	10000
457	556	2	4000
457	557	1	4000
458	468	1	8000
459	593	2	4000
459	474	1	6000
460	555	4	700
461	554	3	3000
463	564	1	6000
463	467	1	8000
463	562	1	4000
464	465	4	700
464	565	4	700
464	564	4	700
465	563	1	4000
466	468	1	8000
466	467	1	8000
466	561	4	1400
467	562	1	4000
469	470	4	1400
469	471	4	1400
470	484	4	700
470	602	4	1400
471	473	1	6000
471	603	4	1400
471	602	1	6000
472	473	1	6000
472	474	1	6000
473	593	2	6000
475	494	5	12500
475	608	4	700
477	491	1	4000
477	493	1	4000
477	492	1	8000
478	496	1	4000
478	497	1	4000
479	495	1	6000
479	330	1	6000
480	483	1	6000
480	488	1	6000
481	482	4	1400
482	490	4	700
484	486	4	1400
484	485	1	8000
485	618	4	700
485	604	1	8000
486	618	4	1400
486	487	4	1400
487	489	4	1400
488	490	1	6000
488	622	4	700
489	621	4	1400
489	618	4	1400
490	617	1	6000
491	609	1	4000
491	610	1	6000
491	497	4	1400
492	610	1	6000
492	613	1	8000
492	612	1	4000
493	611	1	4000
493	608	4	700
494	605	5	12500
494	606	1	6000
494	607	1	6000
495	614	2	4000
495	496	1	6000
496	614	4	1400
496	615	1	6000
497	616	1	4000
498	500	2	4000
499	515	1	6000
500	501	2	4000
501	522	4	700
502	523	2	4000
502	503	2	4000
504	536	1	6000
504	537	1	6000
504	535	1	4000
505	535	3	2000
506	543	4	1400
506	544	4	700
507	509	4	700
507	508	4	1400
508	509	1	6000
508	510	4	1400
509	644	1	6000
509	524	4	700
510	524	2	2000
511	525	4	1400
511	526	1	4000
512	530	1	8000
512	531	1	4000
512	528	1	4000
514	532	1	4000
514	533	1	6000
514	534	5	12500
515	656	2	4000
515	519	1	8000
516	519	1	8000
516	517	4	1400
517	521	2	4000
518	520	1	8000
519	659	1	4000
520	522	1	6000
520	662	2	4000
521	660	2	4000
521	661	4	1400
522	664	1	6000
523	543	2	4000
523	637	2	4000
523	638	2	4000
524	645	2	2000
525	647	4	1400
525	648	4	1400
526	529	1	4000
526	647	1	4000
527	529	4	1400
527	528	4	1400
528	652	1	4000
529	652	1	4000
529	672	4	1400
530	649	1	8000
530	650	4	700
531	651	1	4000
531	650	2	4000
533	653	1	6000
533	654	4	1400
534	654	2	4000
534	655	5	12500
535	642	3	2000
535	643	1	4000
536	640	1	6000
536	639	4	1400
537	641	1	6000
537	544	4	700
538	541	2	4000
538	540	2	4000
539	542	2	2000
539	541	4	700
540	691	4	1400
540	692	2	4000
541	542	2	4000
542	694	4	700
543	544	2	4000
543	641	4	1400
545	573	5	10000
545	698	4	700
546	574	4	700
546	451	4	1400
547	571	1	4000
547	572	1	6000
547	549	1	4000
548	568	1	4000
548	569	3	1000
549	570	1	4000
550	551	1	6000
550	566	1	6000
551	567	1	6000
552	575	1	8000
552	576	4	1400
552	581	4	700
553	583	1	10000
553	584	1	6000
555	595	4	1400
555	594	4	1400
556	585	2	4000
556	557	4	700
557	592	1	6000
558	589	1	10000
558	718	4	700
558	590	3	1000
559	588	1	6000
559	586	1	4000
559	587	5	10000
560	591	1	10000
560	730	4	700
561	585	2	4000
561	562	1	4000
562	597	1	4000
563	601	3	2000
563	600	1	4000
564	596	1	6000
565	598	4	1400
565	599	4	1400
566	664	1	6000
566	662	4	700
567	708	1	6000
567	709	1	4000
568	577	1	4000
568	704	3	1000
569	705	3	1000
569	704	4	700
570	705	3	1000
570	707	3	1000
570	706	1	4000
571	701	4	700
571	700	1	4000
572	703	1	8000
572	702	3	1000
573	696	5	10000
573	697	4	700
574	700	4	700
574	697	4	700
575	714	3	1000
575	711	4	700
575	710	1	8000
576	584	3	3000
576	712	4	1400
577	582	1	6000
577	578	3	1000
578	580	3	1000
578	741	4	700
579	581	3	2000
579	580	1	4000
580	706	1	4000
581	714	3	2000
581	713	4	700
582	441	1	4000
582	454	1	8000
583	712	3	3000
583	584	1	6000
583	600	1	4000
584	453	1	12000
585	597	4	1400
586	723	1	6000
586	724	4	700
587	727	1	8000
587	725	5	10000
587	726	1	6000
588	721	1	12000
588	722	1	8000
588	720	1	4000
589	717	1	8000
589	718	4	700
590	719	3	1000
591	728	4	700
591	729	1	12000
592	597	1	4000
592	716	1	6000
593	595	2	6000
594	603	2	4000
594	602	4	700
594	715	2	2000
595	603	2	4000
596	598	4	1400
596	733	4	1400
596	734	1	6000
597	733	4	700
598	735	4	700
599	732	4	1400
599	736	4	1400
600	601	4	700
601	732	3	2000
602	604	1	6000
604	619	1	6000
604	620	1	8000
605	631	5	12500
607	630	4	1400
607	632	1	6000
608	611	4	700
609	616	1	4000
609	626	1	4000
610	626	1	6000
611	630	1	4000
612	628	4	700
612	629	1	4000
613	627	1	8000
613	628	4	700
614	633	2	4000
614	634	4	1400
615	635	1	6000
615	624	1	6000
615	636	1	6000
616	783	2	4000
617	625	4	700
617	624	1	6000
618	619	4	1400
619	778	1	6000
620	717	1	8000
621	622	4	1400
621	623	4	1400
622	623	4	1400
624	793	2	4000
625	789	4	1400
625	793	4	1400
625	790	4	1400
626	784	1	6000
626	627	4	700
627	787	1	8000
627	785	4	700
628	785	4	700
629	799	4	700
629	786	1	4000
630	781	1	4000
631	780	2	4000
631	779	5	12500
632	782	1	2000
632	781	1	6000
633	788	2	4000
633	634	4	1400
634	789	4	1400
634	790	4	1400
635	783	2	4000
635	791	1	6000
635	792	2	4000
636	792	2	4000
636	794	1	6000
637	670	4	700
638	671	2	4000
638	670	1	6000
638	641	1	6000
639	671	2	4000
639	690	2	4000
640	690	3	2000
640	687	1	6000
640	642	4	700
641	671	4	1400
642	687	3	3000
642	689	2	4000
643	689	1	4000
643	688	4	1400
644	645	4	1400
644	646	1	6000
646	818	1	8000
646	817	1	8000
647	648	1	4000
648	672	1	4000
649	677	2	2000
649	675	1	8000
649	673	2	2000
650	676	4	700
650	677	2	4000
651	678	1	4000
651	676	4	1400
652	673	2	4000
653	680	1	4000
653	681	1	6000
653	679	1	6000
654	682	2	4000
654	683	3	2000
655	685	5	12500
655	684	2	4000
655	686	2	4000
656	657	2	4000
656	658	4	1400
657	839	2	4000
657	659	4	700
657	840	4	700
658	841	4	1400
659	663	1	4000
660	667	2	4000
660	666	4	1400
661	668	4	1400
661	666	4	1400
662	665	2	4000
663	839	2	4000
663	845	1	4000
664	669	2	4000
665	848	2	4000
665	849	3	3000
666	844	4	1400
667	846	2	4000
668	845	4	1400
668	847	4	700
669	440	2	4000
669	566	2	4000
670	814	1	6000
671	814	4	1400
672	674	1	4000
673	674	2	2000
674	855	1	2000
674	856	2	4000
675	821	4	700
675	822	1	8000
676	823	4	1400
676	824	4	700
677	820	2	2000
677	821	2	4000
678	823	1	6000
678	825	1	4000
679	829	1	6000
679	830	2	4000
680	827	1	4000
680	826	4	1400
681	828	1	6000
681	682	2	4000
682	831	2	4000
683	833	3	2000
683	832	1	4000
683	831	2	4000
684	838	4	1400
684	836	2	4000
684	837	4	1400
685	834	4	700
685	835	5	12500
685	881	4	700
687	817	1	6000
688	691	4	1400
688	693	4	1400
689	693	2	4000
689	695	4	700
690	816	2	4000
690	815	4	700
691	692	4	1400
692	693	2	4000
692	694	4	700
693	695	4	700
694	695	4	700
696	750	5	10000
696	751	4	700
697	746	4	700
697	751	4	700
698	699	4	1400
699	889	4	700
699	890	4	1400
700	746	1	4000
701	744	3	2000
701	745	4	700
702	748	3	1000
702	749	4	700
703	747	1	8000
704	741	3	1000
705	741	4	700
706	742	3	1000
706	741	3	1000
707	743	3	1000
707	742	4	700
708	737	1	6000
708	738	4	700
709	739	4	1400
709	740	1	4000
710	755	1	8000
710	753	4	700
710	756	4	700
711	576	3	3000
711	754	4	700
712	732	4	1400
712	754	3	3000
713	580	3	1000
713	757	4	700
714	753	3	2000
714	752	3	1000
715	770	2	2000
715	774	2	4000
716	722	1	6000
716	720	1	8000
716	733	4	1400
716	773	1	8000
717	768	2	6000
718	769	4	700
719	770	2	4000
720	767	3	2000
720	766	1	10000
721	763	1	8000
721	914	4	1400
722	764	1	6000
722	765	1	6000
723	758	1	6000
723	759	2	4000
724	726	1	6000
724	923	1	8000
724	927	4	700
725	762	5	10000
725	760	1	4000
726	922	1	6000
726	921	1	6000
727	761	1	6000
727	760	2	6000
728	731	4	1400
728	771	4	1400
728	730	4	1400
729	772	1	8000
729	766	1	10000
730	731	4	1400
731	914	4	1400
734	932	1	6000
734	775	1	6000
735	776	3	2000
735	777	3	2000
736	754	4	700
736	777	3	2000
736	732	3	2000
737	899	3	3000
737	898	1	4000
738	901	4	700
738	900	4	1400
739	889	4	1400
739	891	4	700
740	902	1	4000
742	896	3	1000
743	897	3	1000
743	749	4	700
744	887	3	2000
744	745	3	2000
745	941	3	2000
746	887	4	700
746	888	1	4000
747	893	3	1000
747	895	1	8000
748	892	3	1000
748	893	3	1000
748	894	3	1000
749	549	4	1400
750	885	5	10000
750	890	4	700
751	886	4	700
752	713	3	1000
752	909	3	1000
753	905	4	700
753	906	3	2000
754	907	3	3000
755	904	4	1400
755	903	1	8000
756	907	4	700
756	711	3	3000
757	908	3	1000
757	896	3	1000
758	918	1	4000
758	919	1	6000
759	920	4	700
759	778	2	4000
760	929	2	6000
760	930	2	4000
761	931	4	1400
761	917	1	6000
762	956	1	6000
762	921	1	6000
762	928	5	10000
763	913	1	8000
763	766	3	2000
764	915	2	2000
764	916	1	10000
765	917	1	6000
765	962	4	700
766	767	3	2000
767	912	3	2000
768	719	2	6000
768	590	4	1400
769	589	2	6000
770	774	2	4000
771	914	4	1400
771	772	4	1400
771	913	4	1400
772	913	1	8000
773	910	1	8000
773	911	1	4000
774	769	2	6000
775	933	1	10000
775	932	1	10000
776	934	3	2000
777	907	4	700
778	795	1	6000
778	796	4	1400
779	806	5	12500
779	807	1	8000
779	808	1	8000
780	804	2	4000
780	805	4	1400
781	802	1	6000
782	809	1	2000
782	810	4	700
783	784	4	1400
784	791	1	6000
785	799	4	700
786	800	1	6000
786	803	1	4000
786	802	1	6000
787	791	1	6000
787	798	1	6000
787	797	1	8000
788	793	2	4000
788	789	4	1400
789	790	4	1400
791	811	1	10000
792	811	2	2000
794	795	1	6000
794	812	1	4000
794	813	1	6000
795	920	4	700
797	811	2	2000
797	981	1	10000
797	980	2	2000
798	979	1	6000
798	988	4	700
799	801	4	700
799	800	4	700
800	976	1	6000
800	977	4	700
801	979	4	700
801	976	4	700
802	803	4	700
803	977	2	2000
803	978	1	4000
804	993	2	2000
804	972	2	4000
804	805	4	1400
806	970	5	12500
806	807	4	700
807	971	1	8000
809	810	2	2000
809	973	2	2000
809	974	1	2000
810	975	2	2000
811	982	1	10000
812	918	1	4000
812	983	4	1400
813	983	4	700
813	984	1	6000
814	841	1	6000
815	817	2	4000
815	884	2	4000
816	883	2	4000
816	882	3	1000
818	819	1	8000
819	1005	1	10000
819	1006	4	700
820	824	2	4000
820	860	4	700
821	860	4	700
821	861	2	4000
822	861	1	2000
822	862	1	8000
822	855	1	2000
823	863	4	1400
823	864	1	6000
824	864	2	4000
824	865	4	700
825	863	4	1400
825	866	1	4000
826	827	4	1400
826	870	4	1400
827	870	1	4000
828	832	1	6000
828	831	2	4000
828	830	2	4000
829	867	1	6000
829	868	4	700
830	868	2	4000
830	869	2	4000
832	833	1	6000
832	869	1	4000
833	836	1	6000
833	871	2	4000
834	876	4	1400
834	874	4	1400
834	877	4	1400
835	880	1	4000
835	878	5	12500
835	879	1	4000
836	872	1	6000
836	873	4	1400
837	838	2	6000
837	874	2	6000
837	875	4	1400
838	872	2	6000
839	842	2	4000
840	839	1	4000
840	843	1	6000
841	840	1	6000
841	844	4	1400
842	845	1	4000
842	847	2	4000
842	843	1	6000
843	847	4	700
843	841	1	6000
844	847	2	4000
844	846	2	6000
846	853	2	4000
846	854	4	1400
848	850	1	6000
848	851	4	1400
849	850	4	700
849	852	3	3000
850	936	1	6000
850	851	4	1400
851	1026	4	1400
852	1027	4	700
852	1028	3	3000
853	884	2	8000
853	1006	2	6000
853	1004	2	2000
854	1007	2	4000
854	1006	2	4000
854	1025	4	1400
855	857	4	1400
856	859	4	1400
856	858	2	4000
857	1034	4	700
857	858	2	4000
857	1010	2	2000
858	1035	2	4000
859	1035	4	1400
860	865	4	700
860	1008	4	1400
861	1008	1	2000
861	1009	2	4000
862	1009	4	700
862	1010	1	8000
863	866	4	1400
863	1011	4	1400
864	1012	1	6000
865	1012	4	1400
865	1013	4	1400
866	870	1	4000
867	1014	1	6000
867	1015	2	4000
868	1015	2	4000
868	1016	4	1400
869	1016	1	4000
869	871	2	4000
871	1017	2	4000
872	875	1	4000
873	1024	4	1400
874	876	2	6000
875	1050	1	4000
876	1018	4	1400
876	877	2	6000
877	1019	4	1400
878	1022	1	6000
878	1020	5	12500
878	1021	1	6000
879	1023	1	4000
879	1054	4	700
882	1004	3	1000
882	883	3	1000
883	1003	2	4000
884	1003	2	4000
885	902	5	10000
885	947	2	4000
885	891	4	700
886	888	4	700
886	947	4	700
887	940	3	3000
888	944	1	4000
889	698	4	1400
890	891	4	1400
891	740	4	1400
892	908	4	700
892	897	3	1000
893	945	4	700
894	909	3	1000
894	908	3	1000
895	945	3	1000
895	946	1	8000
896	897	4	700
898	936	1	4000
898	1026	3	1000
899	900	4	700
899	935	3	3000
900	939	4	1400
901	937	1	10000
901	1069	1	10000
901	938	4	700
902	1059	5	10000
903	950	1	8000
903	1064	1	4000
904	756	3	3000
904	949	4	1400
905	752	3	1000
905	948	4	700
906	755	3	2000
907	949	3	3000
909	948	3	1000
910	964	1	4000
910	965	1	8000
911	966	1	4000
915	958	2	2000
915	959	4	1400
916	961	1	14000
916	960	1	14000
917	955	4	1400
918	920	4	700
918	1000	2	2000
919	924	1	6000
921	928	1	8000
922	1083	5	10000
922	928	5	10000
923	925	1	8000
923	926	1	6000
923	924	1	6000
925	1081	2	2000
925	1086	1	8000
925	1088	2	2000
926	1087	4	700
926	1084	1	6000
927	1093	4	700
928	1082	1	8000
929	951	2	4000
929	952	2	2000
930	931	2	2000
930	952	2	2000
930	953	2	4000
931	954	2	2000
932	968	1	10000
933	967	1	12000
933	1100	1	6000
934	969	1	12000
934	1103	1	4000
934	942	1	6000
935	1065	4	700
935	1031	4	1400
936	1027	1	6000
937	1067	1	8000
937	1107	2	4000
937	1068	1	8000
938	1070	4	1400
938	1110	4	700
939	1065	1	10000
939	1066	1	10000
939	1111	4	700
940	944	1	4000
940	1062	1	8000
941	942	1	6000
941	1118	1	12000
941	943	1	6000
941	703	1	8000
942	1123	2	2000
943	1122	1	6000
943	1119	4	1400
945	948	3	1000
945	1063	4	700
946	1063	3	2000
946	1064	1	4000
947	1061	2	4000
947	1060	4	700
949	1074	3	3000
949	776	4	1400
950	1072	1	8000
951	956	2	6000
951	1095	4	700
952	1096	2	2000
952	1095	4	700
953	1096	4	700
953	1097	2	4000
954	955	4	700
954	1080	2	2000
955	1080	4	700
955	963	4	700
956	957	1	6000
956	1082	2	6000
957	1132	4	700
957	1094	4	1400
957	1137	1	6000
958	1077	2	2000
958	959	4	1400
959	963	4	700
959	962	4	1400
960	764	1	6000
960	1076	1	14000
960	1079	4	700
961	1078	1	14000
961	1142	4	700
962	963	4	1400
964	967	1	6000
965	1145	4	700
965	1075	1	8000
966	1076	1	14000
966	1149	1	4000
966	967	1	6000
967	733	4	1400
967	1099	1	6000
968	969	1	12000
968	1098	4	700
969	1150	4	700
970	1155	3	1000
970	996	5	12500
971	997	1	8000
971	998	3	2000
972	994	4	700
972	995	2	4000
973	974	1	4000
973	1165	4	700
974	975	1	4000
974	994	1	2000
975	993	2	2000
976	990	4	700
976	989	1	6000
977	990	2	2000
978	991	1	4000
978	992	1	4000
979	989	1	6000
980	988	4	700
980	987	2	2000
981	982	4	700
981	986	1	10000
981	985	4	700
982	999	1	10000
983	1000	4	700
983	1001	4	700
984	1001	4	700
984	1002	1	6000
985	1172	4	700
985	1170	4	700
986	1171	1	10000
986	999	4	700
987	988	4	700
987	989	4	700
987	1170	4	700
989	1167	1	6000
989	1168	1	6000
990	1167	2	2000
990	992	4	700
991	973	1	4000
992	1169	1	4000
993	994	1	4000
994	1165	1	4000
995	1165	2	4000
995	1166	4	700
996	1158	5	12500
996	1159	1	6000
996	1160	1	4000
997	1161	2	2000
997	1162	1	8000
997	1163	4	700
998	1164	3	2000
998	1163	4	700
999	1173	1	10000
1000	1081	2	2000
1001	1081	4	700
1001	1086	4	700
1002	1174	1	6000
1002	1175	1	10000
1002	1086	1	8000
1003	1004	4	700
1005	1007	1	10000
1007	1033	1	12000
1008	1013	1	4000
1008	1040	4	700
1009	1040	4	700
1009	1039	2	4000
1010	1039	2	2000
1010	1036	1	8000
1011	1041	4	1400
1011	1042	4	1400
1012	1041	4	1400
1012	1043	1	6000
1013	1043	1	4000
1013	1044	4	1400
1014	1046	2	2000
1014	1045	1	6000
1015	1047	2	4000
1016	1047	1	4000
1016	1017	4	1400
1017	1049	2	4000
1017	1048	2	4000
1018	1050	4	1400
1018	1019	4	1400
1019	1024	4	1400
1020	1053	1	4000
1020	1052	5	12500
1021	1055	1	6000
1021	1054	2	4000
1023	1056	1	4000
1023	1058	2	4000
1023	1057	3	2000
1024	1051	1	4000
1024	1050	1	4000
1025	1033	4	1400
1025	1032	4	2100
1026	1029	3	2000
1027	1030	1	6000
1027	1031	4	700
1028	1030	3	3000
1028	1032	4	1400
1029	708	4	1400
1029	737	3	1000
1030	1105	1	6000
1031	1105	3	3000
1031	898	3	2000
1032	1195	4	2100
1033	1195	1	8000
1033	1196	1	8000
1034	1036	4	700
1034	1037	4	1400
1034	1038	4	1400
1035	1038	4	1400
1036	1199	1	8000
1037	1222	4	1400
1037	1223	4	700
1038	1222	4	1400
1038	1224	4	1400
1039	1197	2	2000
1039	1198	2	4000
1040	1044	4	1400
1040	1197	4	700
1041	1200	4	1400
1041	1042	4	1400
1042	1201	4	1400
1043	1200	4	1400
1043	1202	1	6000
1044	1202	4	1400
1044	1203	4	1400
1045	1207	1	6000
1045	1204	3	1000
1045	1206	1	4000
1046	1204	4	1400
1046	1205	2	2000
1047	1049	2	4000
1047	1206	1	4000
1048	1206	1	4000
1048	1208	1	4000
1049	1206	2	4000
1051	1218	1	4000
1051	1217	4	1400
1051	1057	4	700
1052	1211	5	12500
1052	1212	2	4000
1053	1209	1	4000
1053	1210	2	4000
1054	1055	1	4000
1054	1058	2	4000
1055	1213	1	6000
1056	1215	4	1400
1056	1214	1	4000
1057	1214	2	4000
1058	1216	2	4000
1058	1215	2	4000
1059	1071	5	10000
1059	709	4	1400
1060	902	1	4000
1060	1129	4	700
1061	1128	1	4000
1061	1060	1	4000
1062	1117	1	8000
1062	1116	1	6000
1063	905	3	1000
1063	906	3	2000
1064	1073	1	4000
1065	1114	4	700
1065	1113	1	12000
1066	1070	1	10000
1067	1106	1	8000
1067	1108	5	10000
1067	1109	5	10000
1068	1107	2	4000
1068	1109	1	10000
1069	1070	1	10000
1071	1249	5	10000
1071	1129	1	6000
1072	1130	1	8000
1072	1125	4	700
1072	1131	4	1400
1073	942	1	4000
1073	1125	4	700
1074	934	1	4000
1075	1148	1	8000
1076	1079	4	700
1077	1135	2	2000
1077	1265	4	700
1078	1143	4	700
1078	1141	1	14000
1079	1140	4	700
1080	1135	4	700
1082	1094	1	6000
1083	1084	1	10000
1083	1270	1	10000
1083	1085	5	10000
1084	1087	1	10000
1084	1091	1	6000
1085	1091	2	4000
1085	1273	5	10000
1085	1279	4	700
1085	1282	2	4000
1087	1092	1	10000
1087	1091	4	700
1088	1089	4	700
1088	1090	2	2000
1089	1285	4	700
1089	1174	4	700
1090	1287	1	10000
1090	1286	2	2000
1090	1285	1	10000
1091	1275	2	4000
1091	1274	1	6000
1092	1284	1	10000
1092	1275	4	700
1093	1293	1	8000
1093	1295	1	12000
1093	1298	1	2000
1094	1138	1	6000
1095	1132	4	700
1096	1134	2	2000
1096	1133	4	700
1097	1135	4	700
1097	1136	2	4000
1098	1152	4	700
1098	1151	4	700
1099	964	1	4000
1099	773	1	4000
1100	1102	4	1400
1100	1101	1	8000
1101	932	1	8000
1101	1305	3	2000
1102	1305	4	700
1102	1307	4	1400
1102	1145	4	1400
1103	1104	1	6000
1103	950	1	2000
1104	904	3	3000
1104	1074	1	4000
1105	1219	1	6000
1105	1113	1	8000
1106	1256	1	8000
1106	1257	4	700
1107	1108	2	4000
1108	1258	2	4000
1108	1259	5	10000
1109	1249	5	10000
1109	1257	4	700
1110	1111	3	1000
1110	1112	3	2000
1111	1115	3	1000
1112	1066	3	2000
1112	1069	3	2000
1113	1254	4	1400
1113	1219	1	8000
1113	935	3	3000
1113	1196	1	8000
1114	1255	4	700
1114	1254	4	700
1115	1255	4	700
1115	1316	4	700
1116	1253	1	4000
1116	1128	1	6000
1117	1118	1	6000
1117	1252	1	6000
1118	1119	4	1400
1118	1120	1	6000
1118	1121	1	6000
1119	1127	4	1400
1120	1127	4	1400
1120	1252	1	6000
1121	1324	1	6000
1121	1322	1	14000
1122	1126	1	6000
1122	1323	4	1400
1123	1125	4	1400
1123	1124	2	2000
1124	1122	4	1400
1124	1328	2	2000
1125	1262	4	1400
1126	1326	1	6000
1127	1323	4	1400
1128	940	1	6000
1129	1251	1	6000
1129	1250	4	700
1130	1260	1	8000
1130	1262	4	700
1130	1261	4	700
1131	1263	4	1400
1131	1261	4	700
1132	1133	4	700
1133	1139	4	700
1134	1136	4	700
1134	1302	2	2000
1134	1303	4	700
1136	1265	2	4000
1137	1139	1	6000
1137	1138	4	1400
1138	1301	1	6000
1139	1303	1	6000
1140	1142	3	2000
1141	1269	1	14000
1141	958	4	1400
1142	1144	4	700
1142	1143	3	2000
1143	1268	3	2000
1143	1267	4	700
1144	1338	4	700
1144	1339	4	700
1145	1147	4	1400
1145	1146	4	1400
1146	1347	4	1400
1146	1307	4	1400
1147	1346	4	700
1147	1350	4	700
1148	1349	4	1400
1148	1351	4	1400
1148	1264	1	8000
1149	911	1	4000
1149	910	1	4000
1150	1154	4	700
1150	1151	4	700
1150	1153	4	700
1151	1306	4	700
1152	1304	4	700
1152	1305	4	700
1153	1356	3	1000
1153	934	3	2000
1154	1357	4	700
1154	1356	4	700
1155	1156	3	1000
1155	1157	4	700
1156	1360	3	1000
1156	1361	4	700
1156	1362	4	700
1157	1363	4	1400
1157	1361	4	700
1158	1183	1	6000
1158	1185	1	6000
1158	1184	5	12500
1159	1186	1	6000
1159	1187	2	4000
1161	1188	3	2000
1161	1189	2	4000
1162	1190	1	8000
1162	1191	4	700
1163	1191	4	700
1164	1191	4	700
1164	1192	3	2000
1164	1193	4	700
1165	1166	1	4000
1166	991	1	4000
1167	1169	1	6000
1168	1179	4	700
1168	1180	1	6000
1169	1182	1	6000
1169	1181	1	4000
1170	1172	4	700
1171	1177	2	2000
1171	1178	1	10000
1172	1176	2	2000
1172	1177	2	2000
1173	1178	4	700
1173	1175	1	10000
1174	1194	1	6000
1175	1386	4	700
1176	1387	4	700
1176	1180	2	2000
1177	1385	2	2000
1178	1386	1	10000
1179	1379	4	700
1179	1380	4	700
1180	1381	1	6000
1180	1379	2	2000
1181	1384	1	4000
1181	1382	4	700
1181	1380	4	700
1182	1382	4	700
1182	1383	1	6000
1183	1370	2	4000
1183	1369	1	6000
1183	1371	2	4000
1184	1211	5	12500
1184	1401	4	700
1184	1402	4	700
1186	1372	2	4000
1186	1373	1	6000
1187	1374	2	4000
1187	1372	4	1400
1188	1375	3	2000
1188	1189	2	2000
1188	1190	2	2000
1189	1376	2	4000
1190	1377	1	8000
1190	1192	2	4000
1192	1378	3	2000
1192	1193	2	4000
1193	1364	2	4000
1194	1388	1	6000
1194	1386	1	10000
1194	1285	1	10000
1195	1220	4	2100
1195	1221	1	8000
1196	1221	1	2000
1197	1203	2	4000
1197	1230	4	1400
1198	1230	4	1400
1198	1225	2	4000
1199	1225	2	4000
1199	1223	1	8000
1200	1201	4	1400
1200	1231	4	1400
1202	1231	4	1400
1202	1232	1	6000
1203	1232	2	4000
1203	1233	4	1400
1204	1235	3	1000
1205	1235	4	1400
1205	1236	2	2000
1206	1208	1	2000
1207	1234	1	6000
1207	1208	3	1000
1209	1242	1	4000
1209	1212	2	4000
1210	1244	2	4000
1210	1243	4	1400
1211	1212	4	1400
1213	1245	1	6000
1213	1216	2	4000
1213	1246	2	4000
1214	1247	2	4000
1214	1237	1	6000
1215	1248	4	700
1215	1247	2	4000
1216	1248	4	700
1217	1241	4	700
1217	1240	4	700
1218	1237	1	6000
1218	1238	2	4000
1218	1239	1	6000
1219	1310	1	8000
1220	1033	1	6000
1220	1412	2	4000
1221	1413	1	8000
1222	1226	4	1400
1223	1227	1	8000
1223	1228	4	700
1224	1226	4	1400
1224	1229	4	1400
1225	1415	4	700
1226	1436	4	1400
1227	1437	3	2000
1227	1438	1	8000
1228	1419	4	700
1228	1415	4	700
1229	1436	2	2000
1230	1233	4	1400
1230	1414	4	1400
1231	1416	4	1400
1232	1416	4	1400
1232	1417	1	6000
1233	1418	4	1400
1233	1414	4	1400
1234	1420	1	6000
1234	1421	3	3000
1235	1419	3	1000
1236	1418	1	4000
1236	1419	1	6000
1237	1428	4	700
1238	1432	2	4000
1238	1428	3	2000
1239	1240	1	6000
1239	1238	2	2000
1240	1430	1	6000
1240	1432	2	4000
1241	1430	4	700
1241	1431	4	1400
1242	1422	1	4000
1242	1243	4	700
1243	1424	2	4000
1244	1424	3	2000
1244	1423	2	4000
1245	1426	2	4000
1245	1246	2	4000
1245	1425	1	6000
1246	1427	2	4000
1247	1428	3	2000
1247	1429	2	4000
1248	1429	4	1400
1249	1250	4	700
1250	1332	4	700
1250	1257	4	700
1251	1253	1	6000
1251	1332	4	700
1252	1321	1	6000
1253	1324	1	6000
1253	1320	1	4000
1254	1318	4	1400
1254	1317	4	700
1255	1318	4	700
1256	1311	1	8000
1256	1258	4	700
1256	1312	4	700
1257	1312	4	700
1258	1313	2	4000
1259	1314	5	10000
1259	1315	2	2000
1260	1333	1	8000
1261	1334	4	700
1262	1124	4	1400
1263	1153	4	1400
1263	1335	4	700
1264	1354	1	8000
1264	1479	1	2000
1264	1355	1	4000
1265	1266	2	4000
1266	1269	2	4000
1266	1483	4	1400
1267	1338	4	700
1267	1342	4	700
1268	1488	2	4000
1268	1341	2	4000
1268	1340	4	700
1269	1294	1	20000
1269	1484	2	4000
1270	1271	1	10000
1270	1272	4	700
1271	1493	4	700
1271	1492	1	10000
1272	1282	4	700
1272	1493	4	700
1273	1278	2	4000
1273	1277	2	4000
1273	1276	5	10000
1274	1292	1	6000
1274	1503	4	700
1274	1290	4	700
1275	1291	2	4000
1276	1507	1	8000
1276	1500	1	8000
1276	1501	5	10000
1277	1499	2	4000
1278	1497	2	4000
1278	1498	2	2000
1279	1499	2	4000
1279	1281	4	1400
1279	1280	2	4000
1280	1514	2	4000
1280	1513	3	3000
1281	1499	4	1400
1282	1283	2	4000
1283	1517	2	4000
1283	1498	2	4000
1284	1287	1	10000
1284	1291	4	700
1286	1288	2	2000
1286	1289	2	2000
1286	1290	2	8000
1287	1288	4	700
1288	1291	2	4000
1289	1388	2	2000
1289	1518	4	700
1290	1292	2	2000
1290	1506	4	700
1292	1519	2	2000
1292	1502	1	6000
1293	1294	1	8000
1293	1521	1	6000
1293	1337	1	6000
1294	1483	1	6000
1294	1522	2	6000
1295	1296	1	12000
1295	1297	4	700
1296	1496	1	10000
1296	1526	1	8000
1296	1524	1	6000
1297	1525	4	1400
1297	1300	4	700
1298	1300	4	1400
1298	1299	1	2000
1299	1534	1	2000
1299	1533	4	1400
1300	1532	4	1400
1300	1533	4	1400
1301	1336	1	4000
1301	1337	1	6000
1302	1265	4	1400
1303	1336	1	6000
1304	1358	4	700
1304	1306	4	700
1305	1308	3	2000
1306	1357	4	700
1307	1309	4	1400
1308	1352	3	2000
1308	1539	4	700
1309	1348	4	1400
1309	1539	4	1400
1310	1433	1	8000
1311	1465	1	8000
1311	1467	4	700
1312	1332	4	700
1312	1466	4	700
1313	1468	2	4000
1313	1467	4	700
1314	1471	4	700
1314	1470	4	700
1314	1469	5	10000
1315	1473	2	2000
1315	1472	4	700
1316	1318	4	1400
1316	1319	4	700
1317	1464	2	10000
1317	1433	2	10000
1317	1412	4	700
1318	1464	4	700
1319	1553	2	4000
1319	1434	2	4000
1320	1332	4	700
1321	1463	1	6000
1321	1462	1	6000
1321	1324	1	6000
1322	1325	1	14000
1322	1320	3	2000
1323	1327	4	1400
1324	1117	1	6000
1325	1558	1	14000
1326	1330	1	6000
1326	1331	1	8000
1327	1555	4	1400
1327	1559	4	1400
1328	1260	4	1400
1328	1329	2	2000
1329	1474	1	8000
1329	1565	2	4000
1330	1561	1	6000
1330	1562	1	8000
1331	1329	1	8000
1331	1563	2	6000
1333	1474	1	8000
1334	1475	4	700
1334	1335	4	700
1335	1476	4	700
1335	1356	4	700
1336	1485	1	6000
1337	1483	4	1400
1338	1344	4	700
1338	1343	4	700
1339	1344	4	700
1339	1345	4	700
1340	1489	2	4000
1340	1490	2	4000
1341	1489	4	700
1341	1342	2	4000
1342	1486	2	4000
1342	1487	4	700
1343	1577	4	700
1344	1576	4	700
1344	1575	4	700
1345	1140	3	2000
1346	1350	4	1400
1346	1347	4	700
1347	1349	4	1400
1347	1348	4	700
1348	1353	4	1400
1348	1539	4	700
1349	1350	4	1400
1351	1353	4	1400
1351	1352	4	1400
1352	1538	3	2000
1353	1539	4	1400
1354	1478	1	2000
1354	1477	1	8000
1355	1481	4	700
1355	1585	1	6000
1355	1482	1	6000
1356	1359	3	1000
1357	1359	4	700
1358	1538	1	6000
1359	1591	3	1000
1359	1476	4	700
1360	1364	2	4000
1360	1365	2	2000
1361	1365	4	700
1362	1366	4	1400
1362	1367	4	700
1363	1368	4	1400
1363	1365	2	4000
1364	1367	4	700
1365	1368	4	1400
1366	1367	4	1400
1369	1398	1	6000
1369	1399	4	1400
1370	1396	2	4000
1370	1397	2	4000
1371	1399	2	2000
1371	1400	2	4000
1372	1403	2	4000
1373	1404	1	6000
1373	1405	4	700
1374	1406	4	1400
1374	1407	4	1400
1375	1409	4	700
1375	1408	3	2000
1376	1410	2	4000
1376	1409	4	700
1377	1411	1	8000
1377	1378	4	700
1379	1390	2	2000
1379	1391	4	700
1380	1384	4	700
1380	1392	4	700
1381	1389	1	6000
1381	1393	1	6000
1381	1391	1	6000
1382	1394	4	700
1383	1609	4	700
1383	1395	1	6000
1384	1392	1	4000
1384	1394	4	700
1385	1386	4	700
1385	1388	2	2000
1387	1388	1	6000
1387	1389	1	6000
1389	1518	4	700
1390	1604	2	2000
1391	1605	1	6000
1391	1606	4	700
1392	1614	1	4000
1392	1607	4	700
1393	1502	1	6000
1393	1518	4	700
1393	1606	4	700
1394	1607	4	700
1394	1608	4	700
1395	1611	2	4000
1395	1613	1	8000
1395	1612	2	4000
1396	1624	4	1400
1396	1596	2	4000
1397	1596	4	1400
1397	1597	2	2000
1397	1398	4	700
1398	1593	1	6000
1398	1594	4	700
1399	1594	2	2000
1399	1595	4	1400
1400	1595	2	4000
1400	1598	2	4000
1401	1632	4	1400
1401	1633	4	1400
1401	1634	4	1400
1401	1637	4	1400
1403	1406	4	1400
1403	1405	2	4000
1404	1600	4	700
1404	1599	1	6000
1405	1600	2	4000
1405	1407	4	1400
1406	1407	4	1400
1408	1601	3	2000
1408	1602	3	2000
1408	1603	3	2000
1409	1601	2	4000
1409	1410	2	4000
1411	1602	1	8000
1412	1434	2	4000
1413	1435	1	8000
1413	1433	1	4000
1414	1415	4	700
1416	1445	4	1400
1417	1418	1	6000
1417	1445	4	1400
1419	1440	1	6000
1420	1446	1	6000
1420	1447	1	2000
1421	1447	4	1400
1421	1448	3	3000
1422	1452	1	4000
1422	1453	1	4000
1422	1454	2	4000
1423	1457	2	4000
1423	1455	4	1400
1423	1458	2	2000
1424	1456	3	2000
1424	1455	2	4000
1425	1459	1	6000
1425	1460	3	2000
1426	1429	2	4000
1426	1460	4	700
1427	1461	2	4000
1427	1425	3	2000
1428	1449	4	1400
1430	1450	1	6000
1431	1451	4	1400
1432	1449	4	1400
1433	1540	1	8000
1434	1464	2	10000
1435	1105	1	8000
1435	1310	1	2000
1436	1444	2	2000
1436	1439	4	1400
1437	1441	4	700
1437	1440	3	2000
1438	1443	4	1400
1438	1442	1	8000
1439	1665	4	1400
1439	1664	4	1400
1440	1643	3	3000
1440	1642	1	4000
1441	1642	2	4000
1441	1666	2	4000
1441	1667	4	1400
1442	1669	4	1400
1442	1666	1	8000
1443	1668	2	2000
1443	1669	2	2000
1444	1662	2	2000
1444	1663	4	700
1446	1644	1	6000
1446	1645	4	1400
1447	1646	1	4000
1448	1647	3	3000
1448	1646	4	1400
1449	1658	4	1400
1449	1656	4	1400
1450	1687	4	700
1450	1659	1	6000
1451	1661	4	1400
1451	1660	4	1400
1452	1648	1	6000
1452	1649	1	4000
1452	1635	1	6000
1453	1456	3	2000
1453	1650	1	4000
1453	1648	3	2000
1454	1651	2	4000
1455	1456	4	1400
1455	1650	2	4000
1457	1650	1	4000
1457	1652	2	4000
1457	1458	1	4000
1458	1653	2	4000
1458	1654	1	4000
1459	1461	3	2000
1459	1655	1	6000
1460	1656	4	700
1461	1657	2	4000
1462	1557	4	700
1462	1121	1	6000
1463	1556	1	6000
1463	1555	4	1400
1465	1541	1	8000
1465	1466	1	6000
1466	1320	1	6000
1466	1325	3	2000
1467	1542	4	700
1468	1544	2	4000
1468	1543	4	700
1469	1548	5	10000
1469	1470	1	8000
1469	1549	1	6000
1470	1546	4	700
1470	1547	1	10000
1471	1545	4	700
1471	1473	4	700
1472	1552	4	1400
1472	1551	4	1400
1473	1550	2	2000
1474	1567	1	12000
1474	1566	4	2100
1475	1573	4	700
1475	1572	4	700
1476	1574	4	700
1476	1573	4	700
1477	1586	1	8000
1477	1585	1	4000
1478	1584	1	2000
1478	1479	1	2000
1479	1480	1	2000
1480	1355	1	6000
1481	1587	4	700
1481	1588	4	700
1482	1590	1	6000
1482	1589	3	2000
1483	1485	1	8000
1484	1491	4	1400
1484	1488	2	4000
1485	1302	4	1400
1486	1577	2	4000
1486	1579	4	1400
1487	1489	2	4000
1487	1579	2	4000
1488	1490	4	700
1489	1578	4	700
1490	1491	2	4000
1491	1523	4	700
1491	1522	2	8000
1492	1496	1	10000
1493	1495	4	700
1493	1494	4	700
1494	1726	4	700
1494	1492	4	1400
1495	1517	2	4000
1495	1727	2	4000
1496	1726	4	2100
1497	1507	2	4000
1497	1498	2	4000
1500	1511	1	8000
1500	1732	1	6000
1501	1732	2	6000
1501	1512	5	10000
1501	1735	2	2000
1502	1506	4	700
1502	1617	4	700
1503	1504	4	700
1503	1505	4	700
1504	1519	4	700
1504	1738	4	700
1505	1738	4	700
1505	1514	4	700
1506	1518	4	700
1507	1508	2	6000
1507	1509	2	4000
1507	1510	1	8000
1508	1739	4	700
1508	1517	4	700
1508	1729	2	6000
1509	1510	4	700
1509	1740	2	4000
1510	1741	1	8000
1511	1730	1	8000
1511	1731	4	1400
1512	1734	5	10000
1513	1516	3	2000
1513	1515	4	700
1514	1515	2	2000
1515	1751	2	2000
1515	1738	4	700
1516	1615	1	4000
1516	1751	2	2000
1516	1731	4	700
1519	1520	2	2000
1520	1738	4	700
1520	1751	2	2000
1520	1617	4	700
1521	1523	1	4000
1521	1522	2	4000
1523	1752	1	4000
1524	1529	1	4000
1524	1530	1	6000
1525	1532	1	8000
1525	1531	1	8000
1526	1528	1	8000
1526	1527	1	4000
1527	1758	1	4000
1527	1754	2	4000
1528	1757	4	700
1528	1531	1	8000
1529	1754	1	2000
1529	1755	1	6000
1530	1763	1	4000
1530	1756	1	6000
1531	1761	4	700
1532	1537	1	8000
1533	1537	4	1400
1534	1535	4	1400
1534	1536	1	2000
1535	1537	1	8000
1535	1766	1	8000
1535	1761	4	1400
1536	1769	1	8000
1536	1766	1	10000
1536	1767	1	4000
1538	1583	3	2000
1538	1480	1	6000
1540	1220	1	6000
1540	1196	1	2000
1541	1558	1	8000
1541	1542	4	700
1542	1543	4	700
1543	1707	4	700
1544	1705	1	10000
1544	1706	1	6000
1545	1549	4	700
1545	1550	4	700
1546	1711	4	700
1546	1712	3	1000
1546	1709	3	1000
1547	1544	1	10000
1548	1709	3	1000
1548	1708	5	10000
1549	1710	1	6000
1550	1715	2	2000
1551	1553	2	4000
1551	1714	2	4000
1552	1713	2	2000
1552	1715	2	2000
1553	1554	2	4000
1554	1670	4	1400
1554	1785	2	4000
1555	1559	4	1400
1555	1564	4	1400
1556	1564	1	6000
1556	1569	1	4000
1557	1704	4	700
1557	1702	4	700
1557	1703	4	700
1558	1560	1	12000
1559	1126	4	1400
1560	1707	1	12000
1561	1569	1	6000
1562	1571	1	8000
1562	1570	4	1400
1563	1330	1	6000
1563	1565	1	6000
1564	1326	1	6000
1565	1568	1	8000
1566	1572	4	700
1566	1717	4	700
1566	1718	4	700
1567	1568	1	8000
1567	1716	1	6000
1568	1799	1	10000
1568	1716	1	4000
1569	1789	1	6000
1569	1790	1	4000
1569	1791	1	6000
1570	1797	2	6000
1571	1796	1	8000
1571	1561	4	1400
1572	1333	4	1400
1573	1717	4	1400
1574	1591	4	700
1574	1717	4	700
1575	1582	4	700
1575	1581	4	700
1576	1345	3	2000
1577	1580	2	4000
1578	1724	4	700
1578	1725	4	1400
1579	1723	2	4000
1580	1807	4	700
1580	1806	2	4000
1580	1805	4	700
1581	1576	3	2000
1582	1343	4	1400
1582	1805	4	700
1583	1773	2	4000
1583	1772	1	6000
1583	1358	2	4000
1584	1583	1	6000
1585	1584	1	6000
1585	1586	1	6000
1586	1719	1	8000
1587	1075	4	1400
1588	1720	3	2000
1589	1722	4	700
1589	1588	3	2000
1590	1722	4	700
1590	1721	1	6000
1591	1592	3	1000
1592	1358	1	6000
1593	1627	1	6000
1593	1597	1	4000
1593	1628	1	4000
1594	1629	4	1400
1594	1628	2	4000
1595	1629	2	4000
1595	1630	4	1400
1596	1625	2	4000
1597	1626	1	4000
1598	1630	2	4000
1598	1631	4	1400
1599	1640	1	6000
1599	1639	4	700
1600	1638	2	4000
1600	1639	4	1400
1601	1623	2	4000
1601	1612	3	2000
1602	1641	3	2000
1602	1622	1	8000
1603	1612	2	4000
1603	1622	2	4000
1604	1605	1	6000
1604	1615	1	6000
1605	1616	2	2000
1606	1616	4	700
1606	1617	4	700
1607	1618	4	700
1608	1619	4	700
1608	1610	4	700
1609	1610	4	700
1609	1611	4	700
1610	1619	4	700
1610	1829	4	700
1610	1621	4	700
1611	1621	2	4000
1611	1620	4	700
1612	1623	2	4000
1613	1620	1	8000
1613	1622	1	8000
1614	1618	4	700
1614	1615	1	4000
1615	1748	1	6000
1616	1751	2	2000
1618	1828	4	700
1619	1828	4	700
1620	1832	1	8000
1621	1831	2	4000
1621	1832	4	700
1622	1641	3	2000
1625	1824	2	4000
1625	1825	4	700
1626	1824	1	2000
1626	1627	2	2000
1627	1821	2	2000
1627	1820	1	6000
1628	1821	2	2000
1628	1822	1	4000
1629	1823	4	1400
1629	1822	2	4000
1630	1823	2	4000
1630	1631	4	1400
1632	1633	4	1400
1632	1634	4	1400
1633	1636	1	4000
1633	1635	1	6000
1635	1842	2	4000
1635	1651	2	4000
1636	1838	1	4000
1636	1637	2	4000
1637	1843	2	4000
1638	1639	4	1400
1638	1827	4	1400
1639	1827	4	700
1640	1827	4	700
1640	1826	1	6000
1642	1672	1	4000
1642	1673	1	4000
1643	1647	3	3000
1643	1671	4	1400
1644	1681	1	6000
1644	1682	2	2000
1644	1690	2	4000
1645	1684	2	4000
1645	1683	2	4000
1646	1683	1	4000
1647	1683	4	1400
1648	1691	1	6000
1649	1692	1	4000
1649	1693	4	700
1649	1842	4	700
1650	1691	2	4000
1651	1694	2	4000
1652	1691	1	6000
1652	1653	1	6000
1653	1696	4	1400
1653	1695	1	6000
1654	1698	4	1400
1654	1697	1	4000
1655	1700	4	1400
1655	1699	1	6000
1656	1686	3	2000
1657	1701	2	4000
1657	1655	4	1400
1658	1685	4	1400
1659	1689	1	6000
1659	1661	4	1400
1660	1690	4	1400
1661	1690	4	1400
1662	1668	2	2000
1662	1859	4	1400
1663	1679	4	700
1663	1680	4	700
1664	1665	4	1400
1664	1670	4	1400
1666	1677	1	8000
1666	1674	2	4000
1667	1676	4	1400
1667	1675	4	700
1669	1678	2	2000
1670	1786	4	1400
1671	1672	1	4000
1671	1683	1	4000
1672	1673	1	4000
1673	1675	1	4000
1674	1788	2	4000
1674	1678	2	2000
1674	1863	2	2000
1674	1677	4	700
1675	1864	1	4000
1676	1864	4	700
1676	1677	4	700
1677	1862	1	8000
1678	1860	4	1400
1679	1680	4	1400
1679	1861	4	1400
1679	1787	4	1400
1681	1846	1	6000
1681	1845	4	700
1682	1847	2	2000
1682	1848	2	4000
1684	1850	4	1400
1684	1849	4	1400
1684	1848	2	4000
1685	1857	4	700
1685	1699	4	1400
1686	1459	3	2000
1686	1700	4	1400
1687	1688	4	700
1687	1689	2	2000
1688	1873	2	2000
1688	1874	4	700
1689	1858	1	6000
1692	1852	4	700
1692	1851	1	4000
1692	1693	4	1400
1694	1454	2	4000
1695	1696	4	1400
1695	1698	1	6000
1696	1853	3	2000
1697	1701	1	4000
1697	1855	3	2000
1698	1854	1	6000
1699	1701	1	2000
1699	1856	1	6000
1700	1658	4	1400
1701	1855	3	2000
1702	1321	1	6000
1703	1795	4	1400
1703	1794	1	6000
1704	1792	4	700
1704	1793	4	700
1705	1775	1	6000
1705	1891	1	10000
1705	1774	1	12000
1706	1776	1	6000
1706	1547	1	10000
1707	1774	1	12000
1707	1795	3	1000
1708	1778	1	6000
1708	1780	1	6000
1708	1781	5	10000
1709	1778	4	1400
1710	1782	1	6000
1710	1715	4	700
1711	1778	1	6000
1711	1777	1	6000
1712	1776	3	1000
1712	1777	3	1000
1712	1779	3	1000
1713	1783	2	2000
1713	1784	4	1400
1714	1783	2	4000
1716	1718	1	6000
1718	1798	1	6000
1719	1902	4	1400
1719	1817	1	8000
1719	1906	4	1400
1720	1818	3	2000
1720	1587	4	1400
1721	1806	2	4000
1721	1819	1	6000
1722	1812	4	700
1723	1807	2	4000
1723	1577	4	1400
1723	1810	4	700
1724	1808	4	700
1724	1809	4	700
1725	1809	4	700
1725	1810	4	700
1726	1728	4	2100
1727	1729	4	700
1728	1727	2	8000
1728	1742	4	2100
1729	1742	2	6000
1729	1743	4	700
1730	1746	1	8000
1730	1747	4	700
1731	1749	4	700
1731	1748	4	700
1732	1733	2	4000
1733	1918	2	2000
1734	1750	5	10000
1734	1922	2	2000
1735	1736	4	700
1735	1737	2	2000
1736	1925	4	700
1736	1926	4	700
1737	1926	2	6000
1737	1927	2	6000
1737	1928	2	4000
1739	1507	1	10000
1739	1741	4	1400
1740	1744	2	4000
1740	1741	4	700
1741	1743	4	700
1741	1745	1	8000
1742	1754	2	6000
1743	1739	1	10000
1744	1925	4	700
1744	1934	2	4000
1745	1756	1	4000
1745	1935	1	8000
1746	1914	1	8000
1746	1913	1	6000
1747	1915	2	2000
1747	1916	4	700
1748	1833	1	4000
1749	1917	4	700
1749	1945	4	700
1750	1920	5	10000
1750	1921	2	4000
1752	1753	1	4000
1752	1808	4	700
1753	1951	4	700
1753	1950	1	4000
1755	1762	1	4000
1755	1530	1	4000
1756	1764	1	10000
1756	1935	1	4000
1757	1759	4	1400
1757	1760	4	700
1758	1524	1	6000
1759	1761	4	1400
1759	1955	4	1400
1760	1938	2	6000
1760	1956	4	700
1761	1765	4	700
1762	1743	1	10000
1762	1745	1	6000
1763	1938	1	2000
1763	1758	1	6000
1764	1954	1	12000
1764	1959	4	700
1765	1957	4	700
1765	1955	2	6000
1766	1768	2	8000
1767	1771	1	6000
1768	1765	2	6000
1768	1962	4	1400
1769	1770	1	8000
1769	1967	4	1400
1770	1967	1	10000
1771	1964	1	6000
1771	1963	4	1400
1772	1816	4	700
1772	1568	1	6000
1773	1814	2	2000
1773	1815	4	1400
1773	1813	4	1400
1774	1886	4	1400
1775	1890	1	6000
1776	1891	1	10000
1777	1899	1	6000
1778	1897	4	1400
1779	1899	2	2000
1779	1900	2	2000
1780	1894	1	6000
1780	1895	3	1000
1781	1896	5	10000
1782	1898	4	700
1782	1784	1	8000
1783	1863	2	2000
1783	1866	2	4000
1784	1901	1	8000
1785	1788	2	4000
1785	1787	4	1400
1787	1861	4	700
1788	1861	4	1400
1789	1702	1	6000
1789	1556	1	6000
1790	1801	1	4000
1790	1987	4	1400
1791	1802	1	6000
1791	1803	1	4000
1792	1703	1	6000
1793	1889	4	700
1793	1888	4	700
1794	1560	1	4000
1794	1558	1	8000
1795	1887	3	1000
1795	1886	4	1400
1796	1804	1	8000
1797	1563	2	6000
1797	1799	4	1400
1798	1717	4	1400
1798	1592	1	6000
1799	1800	1	10000
1800	1972	4	1400
1800	1996	1	10000
1801	1796	1	8000
1802	1987	4	1400
1802	1990	1	6000
1803	1789	1	6000
1804	1995	1	8000
1804	1994	4	1400
1805	1812	4	700
1806	1812	4	700
1807	1910	2	4000
1807	1811	4	700
1808	1912	4	1400
1809	1912	4	700
1810	1911	4	700
1811	2002	4	700
1811	1951	4	700
1812	1720	4	1400
1813	1973	4	1400
1813	1976	4	700
1814	1974	2	2000
1814	1975	4	1400
1815	1907	4	1400
1816	1972	4	1400
1816	1973	4	700
1817	1904	4	700
1817	1903	1	8000
1817	1905	4	700
1818	1581	3	2000
1818	1582	4	1400
1819	2008	2	4000
1819	1908	2	4000
1819	1909	1	6000
1820	1824	2	4000
1820	1837	1	8000
1820	1838	1	4000
1821	1822	2	4000
1822	1839	1	4000
1823	1841	2	4000
1823	1840	4	1400
1824	1836	2	2000
1826	1844	1	2000
1826	1836	1	6000
1828	1829	4	700
1828	1833	4	700
1829	1830	4	700
1829	1831	4	700
1830	1833	1	4000
1830	1835	1	4000
1831	1835	2	4000
1831	1834	4	700
1832	1834	1	8000
1834	2017	1	8000
1835	2017	1	6000
1835	2016	2	4000
1836	2012	1	4000
1836	2013	1	6000
1837	2012	1	2000
1837	2011	1	8000
1839	1841	1	4000
1839	1843	4	1400
1840	1843	4	1400
1840	1841	1	4000
1841	1843	2	4000
1842	1852	4	700
1844	2014	1	2000
1844	2015	4	700
1845	1847	4	1400
1846	1867	1	6000
1846	1868	4	700
1847	1869	2	2000
1847	1870	4	1400
1848	1870	4	1400
1849	1871	4	1400
1849	1870	4	1400
1850	1864	2	6000
1851	1879	4	700
1852	1879	4	700
1853	1880	3	2000
1853	1881	4	1400
1853	1882	4	1400
1854	1884	1	4000
1854	1883	3	2000
1855	1883	3	2000
1855	1856	3	2000
1856	1885	1	6000
1856	1857	4	700
1857	1872	4	700
1858	1877	1	6000
1858	1878	4	700
1859	1668	4	1400
1859	1860	4	1400
1860	1861	4	1400
1862	1866	1	8000
1862	1863	2	4000
1863	1714	2	4000
1864	1865	1	4000
1864	1862	2	4000
1865	1983	1	6000
1865	2039	2	6000
1866	1901	1	8000
1866	1865	2	4000
1867	2026	1	6000
1867	2027	4	700
1868	2027	4	700
1869	2028	4	700
1869	1871	2	6000
1869	1986	2	4000
1871	2029	4	1400
1871	1850	2	6000
1872	2036	4	700
1872	1874	3	1000
1873	1876	4	700
1873	1875	2	2000
1874	1876	3	1000
1875	2030	1	6000
1875	2045	1	6000
1875	1884	1	4000
1876	2045	3	1000
1877	2037	1	6000
1877	2038	5	10000
1877	2026	5	10000
1878	1868	4	1400
1880	2030	2	4000
1880	2031	4	1400
1881	2031	2	4000
1881	2033	4	1400
1881	2032	2	4000
1882	2034	4	1400
1883	1654	3	2000
1884	2035	4	700
1885	2036	1	6000
1885	2035	3	2000
1886	1775	4	1400
1887	1991	3	1000
1887	1792	4	1400
1888	1992	4	700
1888	1993	4	700
1889	1792	1	6000
1889	1991	4	700
1890	1977	1	6000
1890	1978	1	6000
1891	1893	1	8000
1891	1892	1	12000
1892	2062	1	12000
1892	2063	4	700
1893	2061	1	8000
1893	1892	4	1400
1893	2063	4	700
1894	1983	1	6000
1894	1984	3	1000
1895	1985	3	2000
1895	1984	3	1000
1896	1986	5	17500
1897	1981	2	4000
1897	1980	2	4000
1898	1901	3	1000
1898	1983	4	700
1899	1981	2	4000
1899	1979	1	6000
1900	1982	2	4000
1902	2071	4	1400
1902	2009	4	1400
1903	2006	2	4000
1903	1969	1	8000
1903	2074	1	14000
1904	1902	4	1400
1904	2005	4	1400
1905	2007	1	8000
1906	2076	4	1400
1906	1907	1	8000
1907	1354	1	8000
1908	2010	4	700
1908	1910	2	4000
1909	2010	4	700
1909	2008	1	6000
1909	1952	1	6000
1910	2001	4	700
1911	1951	4	700
1911	1912	4	700
1913	1942	1	6000
1913	1915	4	700
1913	1940	4	2100
1914	1940	1	8000
1914	1941	1	2000
1915	2079	2	2000
1916	1943	4	700
1916	1918	4	1400
1917	1944	4	1400
1917	2016	4	700
1918	1919	2	2000
1919	2082	2	2000
1919	2081	1	6000
1919	1948	1	6000
1920	1947	3	2000
1920	1948	4	1400
1920	1946	5	10000
1921	1949	2	4000
1922	1923	2	2000
1922	1924	1	6000
1922	1949	1	2000
1923	2091	1	8000
1923	2090	1	2000
1923	2092	1	8000
1924	1931	1	6000
1924	2091	1	6000
1925	1929	4	700
1926	1929	2	6000
1927	1930	1	6000
1927	1932	1	6000
1927	1931	1	6000
1928	1933	4	1400
1929	1936	2	6000
1930	2096	1	8000
1930	2095	1	6000
1930	2094	1	8000
1932	2097	4	1400
1932	2104	1	6000
1933	2099	4	1400
1933	2098	4	700
1934	1936	2	4000
1934	1937	2	4000
1935	1939	1	8000
1935	1938	1	4000
1936	2109	2	4000
1937	2110	1	10000
1937	1954	1	10000
1937	2115	2	2000
1938	1762	1	10000
1939	1959	4	700
1939	2111	1	8000
1939	2119	4	700
1940	1945	1	8000
1940	1941	1	8000
1941	2079	1	8000
1942	2077	1	6000
1942	2017	1	6000
1942	2078	1	6000
1943	2080	4	700
1943	2127	4	1400
1944	2018	1	8000
1944	2016	2	4000
1944	1945	1	8000
1946	2092	1	8000
1946	2087	5	10000
1946	2085	1	6000
1946	2088	1	4000
1948	2086	4	1400
1948	2085	1	6000
1949	2089	2	4000
1950	1952	1	4000
1950	1953	1	6000
1952	2002	4	700
1953	2006	4	2100
1953	2131	1	8000
1954	2114	4	1400
1955	1760	2	6000
1956	1958	4	700
1956	1957	4	700
1957	1961	4	700
1958	2134	4	700
1958	1961	4	700
1959	1960	4	700
1960	2114	4	1400
1960	2117	4	700
1961	2135	4	700
1962	1966	4	700
1962	1965	4	1400
1963	1965	4	700
1963	1971	4	700
1964	1970	1	6000
1964	1971	4	700
1965	1767	4	1400
1966	2136	1	6000
1967	1968	4	1400
1967	1969	1	8000
1968	2140	4	700
1968	2141	4	1400
1969	2131	1	4000
1970	2139	4	700
1970	2138	1	4000
1971	2137	4	700
1973	1997	4	1400
1974	2004	2	2000
1975	1815	4	1400
1976	2003	4	700
1976	1998	4	700
1976	1974	4	1400
1977	2058	1	6000
1978	2059	3	1000
1978	2060	1	6000
1979	2069	1	10000
1979	2070	1	10000
1980	1986	2	4000
1981	2043	4	1400
1981	2069	1	2000
1982	1776	1	6000
1984	2067	3	1000
1985	2067	3	1000
1985	2068	3	2000
1986	2043	2	6000
1986	2044	5	12500
1987	1988	4	1400
1987	1989	4	1400
1988	2157	4	1400
1988	1801	4	1400
1989	1990	4	1400
1989	2158	4	1400
1990	1999	1	6000
1991	2055	3	1000
1992	2057	4	700
1992	2056	4	700
1993	1889	1	6000
1994	1801	4	2100
1995	2167	4	1400
1995	2000	1	8000
1996	1998	1	10000
1996	2172	4	700
1996	1997	4	1400
1997	1972	4	1400
1998	2171	1	10000
1998	2168	4	700
1999	2162	1	6000
1999	2153	1	4000
2000	2170	1	8000
2000	2169	4	1400
2001	2010	4	700
2001	2002	4	700
2003	2148	4	700
2003	2004	4	700
2004	2147	2	2000
2005	2009	2	6000
2005	2073	2	4000
2006	2073	2	4000
2007	1906	1	8000
2008	2072	1	6000
2008	2009	2	4000
2009	2072	2	4000
2011	2022	1	8000
2011	2021	1	6000
2011	2023	1	6000
2012	2019	1	4000
2013	2020	1	6000
2013	2014	1	2000
2013	2019	2	2000
2014	2024	4	700
2015	2024	4	700
2015	2025	4	1400
2016	2018	1	2000
2017	2018	1	8000
2019	2020	1	6000
2020	2182	4	700
2020	2023	1	6000
2021	2022	1	6000
2021	2125	1	6000
2022	2180	4	1400
2022	2123	1	6000
2023	2181	4	1400
2024	2183	4	700
2024	2025	4	700
2025	2185	4	700
2025	2184	4	700
2026	2041	1	6000
2026	2051	5	10000
2027	1878	4	1400
2028	2042	4	700
2029	1896	2	6000
2029	2040	2	2000
2030	2046	1	6000
2031	2033	4	1400
2032	2053	2	4000
2033	2052	4	700
2034	2054	2	2000
2034	2053	2	4000
2035	1883	3	2000
2036	2045	1	6000
2037	2047	4	700
2037	2048	1	6000
2038	2050	1	6000
2038	2046	1	6000
2038	2049	5	10000
2039	2040	2	6000
2039	2067	3	1000
2040	2068	3	2000
2041	2047	3	2000
2041	2188	1	6000
2042	2189	4	700
2042	2190	4	700
2043	2156	2	6000
2044	1869	2	8000
2044	2051	5	10000
2047	2194	3	2000
2048	2195	1	6000
2048	2194	3	2000
2049	2090	1	4000
2049	2128	1	4000
2049	2087	5	10000
2050	2093	2	2000
2050	2196	1	6000
2051	1781	5	10000
2052	2191	4	700
2052	2053	4	700
2054	2192	4	1400
2054	2193	2	2000
2055	2163	3	1000
2055	2164	4	700
2056	2166	4	700
2056	2165	4	700
2057	2164	1	6000
2057	2163	4	700
2058	2149	1	6000
2058	2150	1	6000
2059	2151	3	1000
2059	2152	4	700
2060	2153	1	6000
2060	2152	1	6000
2061	2210	4	700
2061	2066	1	8000
2062	2064	1	10000
2062	1982	1	6000
2062	1900	2	4000
2063	2065	4	700
2064	2065	4	700
2064	2155	1	10000
2065	2211	4	700
2066	2213	1	8000
2066	2212	4	700
2068	1895	3	2000
2069	2154	1	10000
2070	2155	1	10000
2070	2218	4	1400
2071	1585	1	6000
2072	2179	1	6000
2072	1721	2	4000
2073	1904	4	1400
2074	1905	1	8000
2074	2075	1	14000
2075	2220	1	16000
2075	2178	2	2000
2076	1975	4	1400
2076	2147	4	1400
2077	2078	4	1400
2077	2123	1	6000
2077	2224	4	1400
2078	2124	1	6000
2078	2127	4	700
2079	1746	1	8000
2080	2081	1	6000
2080	2126	4	1400
2080	2125	1	8000
2082	2083	4	700
2082	2084	2	4000
2083	2225	4	1400
2083	2226	2	4000
2083	2228	2	2000
2084	2226	2	4000
2084	2227	2	4000
2085	2088	1	4000
2086	2129	4	1400
2086	2130	4	700
2088	2128	4	700
2088	2087	1	4000
2089	2092	2	4000
2090	2093	1	4000
2091	2094	1	8000
2091	2093	2	2000
2091	1931	1	6000
2093	2102	1	4000
2095	2101	1	6000
2095	2100	1	4000
2095	2102	1	4000
2096	2100	1	12000
2097	2103	1	8000
2098	2234	1	10000
2098	2106	4	1400
2098	2108	1	8000
2099	2107	4	1400
2099	2106	4	700
2100	2231	1	12000
2100	2232	1	6000
2101	2232	1	12000
2101	2202	1	6000
2101	2195	1	6000
2102	2202	1	4000
2103	2096	1	8000
2103	2233	1	4000
2104	2105	1	6000
2105	2244	1	6000
2105	2243	3	1000
2106	2236	4	1400
2107	2238	4	700
2107	2142	4	1400
2108	2097	1	4000
2108	2237	1	6000
2109	2112	1	10000
2109	2113	1	10000
2110	2251	4	700
2110	2113	1	10000
2111	2118	1	8000
2111	2117	4	1400
2112	2234	1	10000
2112	1928	2	4000
2113	2250	4	700
2114	2115	4	1400
2114	2133	4	1400
2115	2116	2	2000
2116	2257	4	700
2116	2258	2	2000
2116	2251	4	700
2117	2133	4	700
2118	2254	1	8000
2118	2253	4	700
2119	2122	4	700
2119	2120	4	700
2119	2121	4	700
2120	2134	1	6000
2121	2259	1	8000
2122	2136	4	700
2122	2262	4	700
2123	2223	4	700
2124	2125	1	6000
2124	2127	4	700
2126	2225	4	1400
2126	2228	2	2000
2128	2129	1	4000
2128	2191	4	2100
2129	2130	2	4000
2130	2203	2	4000
2131	2132	1	6000
2132	2266	1	6000
2132	2267	1	2000
2133	2253	4	700
2134	1938	1	8000
2135	2120	1	6000
2136	2135	1	6000
2137	1966	1	6000
2138	2146	1	6000
2138	2144	1	6000
2139	2144	4	700
2139	2145	4	700
2140	1770	1	8000
2141	2143	2	2000
2141	2142	4	1400
2142	2249	1	6000
2142	2248	1	6000
2143	2269	2	2000
2143	2248	4	1400
2144	2271	1	6000
2145	2264	1	6000
2146	2270	1	4000
2146	2269	1	6000
2147	2178	2	2000
2148	2177	1	12000
2148	2171	1	10000
2149	2206	1	6000
2149	2207	4	1400
2150	2208	4	700
2150	2209	1	6000
2151	2163	3	1000
2151	2165	4	700
2152	2166	4	700
2152	2165	1	6000
2153	2174	1	6000
2154	2217	1	10000
2155	2214	4	1400
2156	2199	1	4000
2156	2200	2	6000
2156	2201	1	4000
2157	2159	4	1400
2157	2160	4	1400
2158	2161	1	6000
2159	2289	4	1400
2160	1994	4	2100
2161	2162	1	6000
2161	2280	4	700
2162	2173	1	6000
2162	2060	1	6000
2164	1993	1	6000
2165	2057	1	6000
2166	2174	4	1400
2167	2168	2	6000
2167	2171	4	1400
2168	2172	2	6000
2169	2167	2	6000
2170	2176	1	8000
2170	2175	4	2800
2172	1570	2	6000
2173	2207	4	700
2173	1977	1	6000
2174	1803	1	6000
2175	2160	4	2100
2176	2292	1	10000
2176	2294	4	700
2177	2295	4	700
2177	2221	1	10000
2178	2007	4	1400
2179	2071	1	6000
2180	2181	4	700
2180	2223	4	700
2181	2187	4	1400
2182	2186	4	700
2182	2183	4	700
2183	2184	4	700
2184	2185	4	700
2186	2187	4	700
2187	2224	4	1400
2187	2223	4	700
2188	2189	1	6000
2188	2194	4	700
2189	2190	1	6000
2190	2197	1	6000
2190	2198	1	4000
2191	2203	4	1400
2192	2204	4	1400
2193	2205	2	4000
2193	2204	4	1400
2195	2196	1	4000
2196	2202	1	6000
2197	2199	1	6000
2197	2296	1	4000
2197	2231	1	8000
2198	2048	1	8000
2199	2044	2	8000
2200	2237	1	8000
2200	2287	1	12000
2200	2288	2	6000
2201	2285	1	10000
2201	2287	1	12000
2201	2302	2	2000
2203	2129	2	4000
2204	2297	4	1400
2205	2297	4	1400
2206	2282	4	700
2206	2279	1	6000
2207	2280	4	700
2208	2282	4	1400
2208	2281	4	700
2208	2306	4	700
2209	2283	1	6000
2209	2284	1	2000
2210	2211	4	700
2210	2212	4	1400
2211	2215	4	700
2212	2216	4	1400
2213	2058	1	8000
2213	1890	1	6000
2214	2218	4	700
2214	2215	4	700
2215	2311	4	700
2216	2312	4	700
2216	2311	4	700
2217	2285	1	10000
2217	2286	4	1400
2218	2219	4	700
2219	2313	4	1400
2219	2316	4	700
2220	2221	1	10000
2220	2222	1	16000
2221	2317	4	700
2222	2317	2	6000
2222	2292	1	16000
2225	2227	4	1400
2226	2227	4	1400
2227	2229	4	1400
2227	2230	4	1400
2228	2081	2	4000
2229	2230	4	1400
2231	2239	1	6000
2231	2240	1	10000
2232	2231	1	12000
2232	2241	1	8000
2233	2246	3	1000
2233	2242	1	6000
2234	2235	4	1400
2235	2236	4	700
2235	2247	4	1400
2236	2238	4	1400
2237	2199	2	8000
2237	2298	1	4000
2238	2247	4	700
2238	2248	4	1400
2239	2319	1	4000
2239	2318	1	2000
2240	2320	1	10000
2241	2198	1	8000
2241	2197	1	6000
2242	2108	1	4000
2242	2104	1	6000
2243	2246	3	1000
2243	2244	4	700
2244	2245	1	6000
2245	2327	1	8000
2245	2328	3	1000
2246	2322	3	1000
2246	2321	3	1000
2247	2274	4	1400
2248	2274	1	6000
2249	2266	1	8000
2249	2272	1	8000
2249	2273	1	6000
2250	2256	4	700
2250	2255	4	700
2251	2252	4	700
2252	2255	4	700
2252	2260	4	700
2253	2257	4	700
2254	2257	4	700
2254	2121	1	8000
2255	2333	4	700
2256	2112	1	4000
2258	2259	4	700
2258	2260	4	700
2258	2261	2	2000
2259	2263	1	8000
2260	2333	4	700
2261	2335	2	2000
2261	2334	4	700
2262	2264	4	700
2262	2265	4	700
2263	2336	1	8000
2263	2265	4	700
2264	2137	1	6000
2265	2339	4	700
2267	2268	1	2000
2268	2275	1	8000
2269	2275	1	12000
2270	2274	1	6000
2270	2277	1	4000
2270	2278	4	700
2271	2145	1	6000
2271	2276	4	700
2272	2327	1	8000
2273	2332	1	6000
2273	2348	1	6000
2274	2269	4	1400
2275	2138	1	10000
2275	2140	1	8000
2276	2146	1	6000
2277	2341	1	4000
2277	2342	4	700
2278	2344	4	700
2278	2343	4	700
2279	2305	1	6000
2280	2279	4	1400
2281	2306	4	700
2281	2307	4	700
2282	2304	4	1400
2283	2308	1	4000
2283	2309	1	8000
2284	2310	1	6000
2285	2314	4	700
2286	2315	4	1400
2286	2154	4	1400
2287	2301	4	700
2288	2299	2	6000
2288	2300	4	1400
2289	2291	4	1400
2289	2175	4	1400
2289	2290	4	1400
2290	2362	1	6000
2291	2363	4	1400
2292	2293	1	16000
2293	2363	4	2100
2293	2364	1	16000
2294	2295	2	6000
2295	2169	2	6000
2295	2170	4	1400
2296	2237	1	4000
2296	2298	1	4000
2298	2323	1	4000
2298	2324	1	4000
2299	2300	4	1400
2299	2345	2	6000
2300	2361	4	700
2301	2302	2	2000
2301	2360	2	2000
2302	2303	4	700
2303	2314	4	1400
2304	2279	4	1400
2305	2353	4	1400
2305	2352	1	6000
2306	2354	4	700
2307	2355	1	8000
2308	2357	1	4000
2308	2356	4	700
2309	2358	1	8000
2309	2284	1	6000
2310	2313	4	1400
2310	2312	1	6000
2311	2313	4	700
2312	2213	1	6000
2314	2286	4	1400
2315	2358	4	1400
2315	2359	4	1400
2316	1979	1	8000
2316	2286	4	1400
2317	2294	2	6000
2318	2325	1	4000
2318	2240	1	4000
2319	2296	1	4000
2319	2323	1	2000
2320	2326	1	10000
2321	2320	1	4000
2322	2331	3	1000
2322	2328	3	1000
2323	2318	1	4000
2323	2367	4	700
2324	2368	1	4000
2324	2367	4	1400
2325	2331	1	4000
2325	2321	1	4000
2326	2233	1	4000
2326	2096	1	16000
2327	2329	2	6000
2328	2330	3	1000
2329	2379	2	6000
2329	2345	1	4000
2329	2368	1	4000
2329	2330	1	4000
2330	2378	1	4000
2331	2378	1	4000
2332	2345	1	4000
2332	2346	1	4000
2332	2347	1	6000
2333	2334	4	700
2334	2338	4	700
2335	2336	4	700
2335	2337	2	2000
2335	2338	4	700
2336	2339	1	8000
2337	2339	4	700
2337	2349	4	700
2337	2351	4	700
2338	2349	4	700
2338	2341	4	700
2339	2340	1	8000
2340	2276	1	8000
2340	2350	4	700
2341	2256	1	4000
2342	2349	4	700
2342	2343	4	700
2343	2351	4	700
2343	2344	4	700
2344	2350	4	700
2345	2348	2	6000
2346	2369	1	4000
2346	2381	4	700
2347	2380	1	6000
2347	2381	4	700
2348	2272	1	12000
2350	2351	4	700
2352	2365	1	4000
2352	2366	1	6000
2353	2371	4	1400
2354	2373	4	700
2354	2372	4	700
2355	2283	1	8000
2355	2377	4	1400
2356	2376	4	700
2356	2377	4	700
2357	2375	1	4000
2357	2374	4	700
2358	2316	1	8000
2359	2303	4	1400
2359	2374	4	700
2360	2361	2	2000
2360	2370	4	700
2361	2369	2	2000
2362	2159	4	1400
2362	2158	1	6000
2363	2175	4	2100
2364	2366	1	8000
2364	2365	1	20000
2365	2385	1	20000
2366	2291	4	1400
2366	2290	1	8000
2367	2378	4	700
2368	2379	4	1400
2369	2382	2	4000
2369	2370	1	4000
2370	2374	1	4000
2371	2392	4	1400
2371	2386	1	8000
2372	2307	1	8000
2373	2387	4	1400
2374	2309	1	4000
2375	2389	1	4000
2376	2375	4	1400
2376	2397	4	700
2377	2388	4	700
2379	2237	2	6000
2380	2384	1	6000
2381	2383	4	1400
2382	2391	4	700
2382	2346	1	4000
2383	2399	4	1400
2383	2397	4	700
2384	2400	1	6000
2384	2398	4	700
2385	2390	1	20000
2386	2395	1	8000
2386	2394	4	1400
2387	2353	4	1400
2387	2304	4	1400
2388	2398	4	700
2388	2399	4	700
2389	2382	1	4000
2389	2396	4	1400
2390	2401	1	8000
2390	2402	1	8000
2391	2396	4	700
2391	2381	4	1400
2392	2393	4	700
2392	2384	4	1400
2393	2402	1	8000
2394	2395	4	700
2394	2398	4	700
2395	2372	1	8000
2395	2373	4	1400
2396	2397	4	1400
2399	2380	4	1400
2400	2393	1	8000
2400	2401	1	4000
2401	2266	1	12000
2401	2403	1	6000
2402	2371	1	8000
2402	2352	1	8000
2403	2268	1	6000
2403	2267	1	6000
